,start_chrom,start,end_chrom,end,ref,alt,length,type
0,1,87337011,10,36119127,T,nan,,BND
1,1,118516186,1,118516222,T,nan,36.0,DEL
2,1,207981231,1,208014822,G,nan,33591.0,DEL
3,1,224646603,1,224800120,A,nan,153517.0,DUP
4,1,224782795,1,224786034,C,nan,3239.0,DEL
5,3,24565108,3,24566182,T,nan,1074.0,INV
6,3,25400602,12,72666892,G,nan,,BND
7,3,25401059,10,60477224,G,nan,,BND
8,3,26431918,6,26194041,T,nan,,BND
9,3,26663922,3,26664499,G,nan,577.0,INV
10,3,60132754,3,60204543,T,nan,71789.0,DEL
11,3,60872124,3,61013215,C,nan,141091.0,DEL
12,3,186442175,3,186513634,T,nan,71459.0,DEL
13,4,66211957,4,66212037,T,nan,80.0,DUP
14,4,187996322,4,187996382,T,nan,60.0,DUP
15,5,28787996,5,28963096,T,nan,175100.0,DEL
16,5,178973288,5,178973321,C,nan,33.0,DEL
17,6,26194117,6,26194406,G,nan,289.0,INV
18,6,138774059,15,23717166,T,nan,,BND
19,6,138774181,15,23712617,G,nan,,BND
20,7,52440354,7,52440387,T,nan,33.0,DEL
21,7,57471577,7,57496111,C,nan,24534.0,DEL
22,7,77981839,7,78082248,C,nan,100409.0,DEL
23,7,78190206,7,78257685,G,nan,67479.0,DEL
24,7,85844668,7,85853700,A,nan,9032.0,DUP
25,7,104485068,7,104612302,T,nan,127234.0,DUP
26,7,110393332,7,110394461,T,nan,1129.0,DEL
27,7,125746125,7,126166901,G,nan,420776.0,DEL
28,7,126098490,7,126167441,G,nan,68951.0,INV
29,7,143959226,7,144088794,G,nan,129568.0,DEL
30,7,150746657,15,84810725,C,nan,,BND
31,8,112062420,8,112063583,T,nan,1163.0,DEL
32,8,131248116,8,131274647,T,nan,26531.0,DUP
33,9,28031835,9,28059140,A,nan,27305.0,INV
34,9,28031863,9,28034467,C,nan,2604.0,INV
35,9,28034299,9,28157692,C,nan,123393.0,DEL
36,9,114293052,9,114293097,T,nan,45.0,DEL
37,10,7059512,19,17396810,T,nan,,BND
38,10,7132874,19,17397644,A,nan,,BND
39,10,7634373,18,9868617,A,nan,,BND
40,10,33386453,10,36119061,T,nan,2732608.0,DEL
41,10,55476347,10,55476896,C,nan,549.0,DEL
42,10,60477422,12,72667075,G,nan,,BND
43,10,83641806,10,83827666,T,nan,185860.0,DEL
44,10,89700299,10,89712341,A,nan,12042.0,DEL
45,11,80785600,11,81093780,T,nan,308180.0,DEL
46,12,92161147,12,92161182,C,nan,35.0,DEL
47,12,129771777,12,129771778,N,nan,255.0,INS
48,14,73014649,14,73014746,T,nan,96.0,INS
49,14,104560088,14,104560143,G,nan,55.0,DEL
50,14,106333876,14,106333877,A,nan,100.0,INS
51,15,23685608,20,37274468,C,nan,,BND
52,15,23706879,20,37274667,C,nan,,BND
53,15,23831660,15,23992700,A,nan,161040.0,INV
54,15,41621294,15,41628506,A,nan,7212.0,DUP
55,16,58624545,16,58663331,T,nan,38786.0,DEL
56,16,78928636,16,79095007,G,nan,166371.0,DEL
57,18,66379461,18,66382826,C,nan,3365.0,DEL
58,20,13160729,20,13164103,C,nan,3374.0,DEL
59,20,14962957,20,15013948,G,nan,50991.0,DEL
60,20,15000623,20,15013842,A,nan,13219.0,DEL
61,20,33219526,20,33219569,C,nan,49.0,DEL
62,22,33759249,22,33838399,A,nan,79150.0,DEL
63,X,31196943,X,31216211,A,nan,19268.0,DEL
64,X,31301203,X,32038750,T,nan,737547.0,DEL
65,X,32077855,X,32293097,G,nan,215242.0,DEL
66,X,32098532,X,32201251,A,nan,102719.0,DEL
67,X,34059778,X,34062705,C,nan,2927.0,DEL
